0.000000,0.261553,0.383696,0.300959,0.228862,0.306148,0.326777,0.241477,0.180692,0.355822,0.380957,0.298652,0.338934,0.337108,0.266623,0.338284,0.318509,0.182361,0.266693,0.333219,0.341741,0.237173,0.331796,0.302931,0.309612,0.385468,0.319996,0.361700,0.385635,0.269705,0.360849,0.290885,0.312462,0.236390,0.303564,0.259877,0.236874,0.324078,0.247134,0.330174,0.348672,0.303758,0.293860,0.265345,0.273758,0.294292,0.227082,0.347276,0.309879,0.236542,0.261680,0.179288,0.273480,0.298496,0.340774,0.271605,0.228708,0.158371,0.241055,0.259549,0.262093,0.261595,0.297353,0.108886,0.283638,0.211282,0.205604,0.216877,0.287508,0.232349,0.328404,0.293774,0.248499,0.227718,0.203926,0.194329,0.254518,
0.261553,0.000000,0.315512,0.199869,0.269001,0.270445,0.337083,0.250617,0.155242,0.251694,0.234293,0.297670,0.230786,0.259874,0.204543,0.299464,0.188535,0.199417,0.248420,0.235406,0.227843,0.198154,0.238208,0.240729,0.240142,0.320328,0.215136,0.260608,0.262204,0.250033,0.289022,0.213714,0.249696,0.222726,0.198250,0.205937,0.196081,0.232078,0.194005,0.267293,0.276638,0.263210,0.257541,0.247731,0.209041,0.229873,0.177132,0.246913,0.238250,0.211394,0.206632,0.175388,0.246775,0.239789,0.290505,0.231898,0.186819,0.136416,0.220190,0.184001,0.218630,0.228716,0.239381,0.145409,0.219596,0.208403,0.176690,0.198747,0.206897,0.208050,0.194062,0.234425,0.186969,0.249315,0.162154,0.169304,0.260723,
0.383696,0.315512,0.000000,0.285848,0.239134,0.345656,0.438057,0.292425,0.149730,0.334232,0.357265,0.329857,0.338272,0.377233,0.288853,0.388635,0.220221,0.187343,0.393282,0.318707,0.339946,0.310416,0.371941,0.288417,0.346592,0.796045,0.346215,0.399637,0.399518,0.398376,0.375232,0.313368,0.360645,0.247962,0.325772,0.275657,0.280158,0.337076,0.301756,0.331516,0.407678,0.325903,0.327285,0.329457,0.326586,0.326740,0.255620,0.390630,0.368453,0.299098,0.327816,0.238443,0.317667,0.351862,0.397507,0.319329,0.243248,0.189195,0.288979,0.294712,0.261014,0.311829,0.346360,0.153640,0.309822,0.248248,0.265882,0.279799,0.348208,0.267103,0.242493,0.325832,0.245541,0.291859,0.267548,0.233032,0.295220,
0.300959,0.199869,0.285848,0.000000,0.229418,0.230148,0.244951,0.185787,0.210146,0.415724,0.263713,0.282257,0.273084,0.258436,0.226342,0.327730,0.367543,0.180451,0.184202,0.262982,0.256015,0.172249,0.260228,0.244189,0.242568,0.277779,0.226251,0.234568,0.285366,0.186962,0.256337,0.203753,0.234159,0.252782,0.252795,0.232493,0.219222,0.305898,0.203093,0.221710,0.243400,0.238111,0.224942,0.204902,0.167358,0.239360,0.183557,0.252730,0.228932,0.166379,0.201231,0.134696,0.233902,0.221814,0.239263,0.246060,0.154789,0.102871,0.183076,0.199624,0.168183,0.204863,0.218344,0.069700,0.214720,0.195508,0.143181,0.163152,0.255728,0.212634,0.322113,0.222038,0.219738,0.167490,0.127947,0.156216,0.180506,
0.228862,0.269001,0.239134,0.229418,0.000000,0.470308,0.239977,0.238334,0.146914,0.305284,0.231994,0.242169,0.243319,0.243422,0.208423,0.269269,0.197666,0.168459,0.201124,0.254606,0.220972,0.198290,0.212491,0.233780,0.188143,0.237909,0.242359,0.232294,0.249066,0.202790,0.245697,0.185606,0.196831,0.181272,0.214418,0.182938,0.174647,0.223141,0.147129,0.200088,0.202150,0.213481,0.236884,0.257327,0.194861,0.175904,0.164141,0.205010,0.169445,0.145694,0.166480,0.132248,0.254976,0.180965,0.227758,0.184876,0.137872,0.111212,0.188030,0.142376,0.190266,0.164005,0.185685,0.133149,0.160221,0.183201,0.125069,0.199442,0.198344,0.186679,0.172127,0.198370,0.152121,0.182592,0.131345,0.161370,0.191610,
0.306148,0.270445,0.345656,0.230148,0.470308,0.000000,0.317683,0.307695,0.156500,0.295398,0.326166,0.308657,0.308134,0.351963,0.290653,0.347726,0.179388,0.174755,0.355574,0.331160,0.313308,0.264321,0.314560,0.268606,0.310405,0.344760,0.314085,0.381485,0.349905,0.359237,0.326372,0.290561,0.272064,0.220623,0.298531,0.243949,0.231359,0.271546,0.263770,0.300910,0.359218,0.312235,0.290320,0.310492,0.298309,0.273741,0.205699,0.336448,0.254615,0.245423,0.243438,0.205844,0.318649,0.305814,0.354029,0.273697,0.201988,0.206698,0.297071,0.261484,0.268279,0.274724,0.310389,0.174638,0.269057,0.223023,0.219084,0.255055,0.269483,0.208331,0.229557,0.259458,0.222989,0.241903,0.210680,0.206524,0.228367,
0.326777,0.337083,0.438057,0.244951,0.239977,0.317683,0.000000,0.278860,0.127453,0.330874,0.333013,0.322408,0.341973,0.360089,0.280292,0.395574,0.224502,0.164140,0.338295,0.323645,0.367407,0.276555,0.377075,0.313395,0.372176,0.437592,0.312806,0.372504,0.380319,0.341414,0.373541,0.306031,0.329903,0.240177,0.321690,0.278255,0.280718,0.355040,0.263126,0.309696,0.420269,0.346324,0.329005,0.319396,0.319278,0.344917,0.257346,0.415972,0.323360,0.289386,0.306770,0.234477,0.323145,0.349464,0.392564,0.309303,0.228552,0.206865,0.286176,0.284934,0.281402,0.324096,0.320165,0.179009,0.341378,0.273587,0.258342,0.287957,0.300269,0.271245,0.240456,0.302155,0.254356,0.309516,0.223189,0.223192,0.324271,
0.241477,0.250617,0.292425,0.185787,0.238334,0.307695,0.278860,0.000000,0.123727,0.242180,0.290582,0.263025,0.295023,0.324297,0.254467,0.285055,0.192867,0.161625,0.300121,0.294458,0.317318,0.227960,0.297872,0.253428,0.291671,0.283440,0.294711,0.288752,0.317991,0.302696,0.296227,0.283959,0.277274,0.223769,0.281581,0.232626,0.209392,0.259751,0.220485,0.239459,0.285710,0.248076,0.265951,0.277236,0.225067,0.272848,0.215065,0.282069,0.241810,0.236457,0.240809,0.176573,0.260502,0.263729,0.283559,0.243181,0.182579,0.183879,0.281551,0.240624,0.264038,0.245877,0.269923,0.155986,0.262031,0.205563,0.231235,0.240176,0.223963,0.194529,0.226345,0.216268,0.214495,0.227296,0.190551,0.204884,0.238426,
0.180692,0.155242,0.149730,0.210146,0.146914,0.156500,0.127453,0.123727,0.000000,0.360159,0.200648,0.121677,0.246623,0.134299,0.168448,0.143204,0.356924,0.199072,0.095768,0.181400,0.160350,0.104297,0.169636,0.134029,0.142005,0.148936,0.164918,0.163480,0.166878,0.097771,0.154992,0.129832,0.155397,0.233392,0.148640,0.125086,0.182974,0.202828,0.096052,0.194667,0.113481,0.143835,0.127455,0.163199,0.082737,0.140979,0.098195,0.181272,0.113790,0.083386,0.083938,0.066576,0.163293,0.119633,0.119365,0.117761,0.043684,0.076829,0.129260,0.103884,0.127220,0.145517,0.121595,0.028579,0.117428,0.113664,0.068843,0.054412,0.112850,0.091608,0.243374,0.099879,0.106479,0.081287,0.073124,0.070191,0.078439,
0.355822,0.251694,0.334232,0.415724,0.305284,0.295398,0.330874,0.242180,0.360159,0.000000,0.397384,0.388358,0.573242,0.364167,0.421133,0.379675,0.774259,0.275946,0.185543,0.382073,0.372329,0.190827,0.351111,0.322909,0.385674,0.346600,0.286699,0.330842,0.372848,0.190170,0.411883,0.299836,0.315786,0.568773,0.359566,0.392332,0.412885,0.635759,0.194746,0.278764,0.225636,0.264012,0.290980,0.249882,0.131230,0.302493,0.246949,0.351419,0.303580,0.148932,0.174962,0.135923,0.302967,0.253371,0.233813,0.240210,0.137604,0.144766,0.211421,0.245626,0.219948,0.188980,0.215024,0.052421,0.215956,0.187320,0.118118,0.131833,0.291856,0.273862,0.516601,0.306046,0.250931,0.194113,0.089202,0.127754,0.181949,
0.380957,0.234293,0.357265,0.263713,0.231994,0.326166,0.333013,0.290582,0.200648,0.397384,0.000000,0.323962,0.432289,0.368099,0.328689,0.318793,0.355383,0.173419,0.308547,0.382001,0.434172,0.259556,0.382888,0.327538,0.378618,0.353833,0.385614,0.456949,0.425708,0.312080,0.415744,0.322817,0.337960,0.306404,0.363414,0.310675,0.316750,0.381267,0.287198,0.363679,0.418496,0.339417,0.333979,0.288496,0.315313,0.321861,0.272072,0.378936,0.316761,0.299577,0.300403,0.216894,0.336871,0.362407,0.377089,0.296724,0.224792,0.209050,0.285597,0.309402,0.286636,0.306440,0.350271,0.146723,0.319048,0.226481,0.245500,0.258894,0.308579,0.242707,0.348837,0.291817,0.283540,0.260670,0.223795,0.229843,0.252127,
0.298652,0.297670,0.329857,0.282257,0.242169,0.308657,0.322408,0.263025,0.121677,0.388358,0.323962,0.000000,0.265625,0.559774,0.264122,0.421117,0.228044,0.157780,0.265600,0.291625,0.292821,0.224391,0.299549,0.263165,0.287361,0.342145,0.244349,0.288782,0.294526,0.268841,0.368132,0.240109,0.282751,0.294570,0.267262,0.279340,0.234369,0.333851,0.229312,0.257432,0.282672,0.283448,0.272792,0.268567,0.196738,0.241162,0.239565,0.296508,0.261531,0.197338,0.206934,0.178847,0.265481,0.263590,0.294477,0.261053,0.177783,0.173012,0.248931,0.222879,0.223975,0.218737,0.251800,0.125726,0.220444,0.193195,0.164504,0.198909,0.272944,0.205627,0.271324,0.285046,0.226163,0.209143,0.152093,0.158867,0.223578,
0.338934,0.230786,0.338272,0.273084,0.243319,0.308134,0.341973,0.295023,0.246623,0.573242,0.432289,0.265625,0.000000,0.331914,0.382132,0.298373,0.501628,0.198657,0.342157,0.359587,0.420861,0.239260,0.394610,0.375253,0.392642,0.335844,0.321773,0.399980,0.423453,0.345272,0.380865,0.342515,0.339120,0.396151,0.360616,0.338099,0.365427,0.452860,0.210856,0.334986,0.394143,0.325978,0.342936,0.269930,0.272171,0.338744,0.264440,0.372096,0.313084,0.240439,0.239280,0.166874,0.321406,0.328320,0.344054,0.275731,0.220720,0.178081,0.227045,0.301832,0.280807,0.263113,0.297406,0.132372,0.270915,0.211412,0.196584,0.211519,0.294209,0.246774,0.386269,0.250686,0.264408,0.254697,0.203807,0.204511,0.239278,
0.337108,0.259874,0.377233,0.258436,0.243422,0.351963,0.360089,0.324297,0.134299,0.364167,0.368099,0.559774,0.331914,0.000000,0.292432,0.413460,0.264330,0.180108,0.329031,0.346730,0.366953,0.265365,0.386625,0.337338,0.351869,0.382610,0.330578,0.370881,0.390414,0.333137,0.427484,0.313207,0.343999,0.279069,0.349069,0.289591,0.229042,0.349927,0.276032,0.293858,0.365780,0.304135,0.313031,0.295678,0.268859,0.291568,0.249727,0.354897,0.308581,0.251408,0.276132,0.198901,0.307769,0.322476,0.333617,0.293916,0.216541,0.196077,0.273207,0.287629,0.260906,0.277142,0.301437,0.152333,0.268511,0.220411,0.231851,0.262165,0.309130,0.215703,0.317806,0.308046,0.272266,0.259590,0.193037,0.209258,0.230361,
0.266623,0.204543,0.288853,0.226342,0.208423,0.290653,0.280292,0.254467,0.168448,0.421133,0.328689,0.264122,0.382132,0.292432,0.000000,0.247748,0.355750,0.180065,0.289573,0.295304,0.345958,0.225604,0.280388,0.296579,0.326234,0.291667,0.272933,0.328946,0.345901,0.292878,0.318752,0.303284,0.301764,0.308198,0.271144,0.271353,0.274895,0.318261,0.227948,0.243753,0.316079,0.257768,0.281114,0.243222,0.241448,0.307517,0.264242,0.304358,0.260452,0.223709,0.244724,0.190615,0.289378,0.290947,0.264796,0.284175,0.201931,0.178315,0.266996,0.286924,0.259095,0.257509,0.312867,0.129120,0.262611,0.211162,0.182096,0.213854,0.245472,0.226079,0.290043,0.233087,0.220261,0.213715,0.183614,0.207426,0.193860,
0.338284,0.299464,0.388635,0.327730,0.269269,0.347726,0.395574,0.285055,0.143204,0.379675,0.318793,0.421117,0.298373,0.413460,0.247748,0.000000,0.273551,0.217260,0.347451,0.303839,0.319710,0.265760,0.354635,0.284915,0.309685,0.397809,0.265261,0.336163,0.349869,0.350767,0.374245,0.285618,0.319154,0.237393,0.296581,0.270328,0.221117,0.364250,0.242979,0.313426,0.340506,0.327601,0.325179,0.326561,0.273257,0.295094,0.247571,0.352817,0.317355,0.229382,0.269791,0.213405,0.290985,0.311275,0.351305,0.258001,0.213475,0.176966,0.286196,0.255983,0.238356,0.271030,0.283261,0.161262,0.264312,0.222615,0.219998,0.255558,0.297711,0.241992,0.283803,0.334314,0.275400,0.246017,0.208067,0.205872,0.301357,
0.318509,0.188535,0.220221,0.367543,0.197666,0.179388,0.224502,0.192867,0.356924,0.774259,0.355383,0.228044,0.501628,0.264330,0.355750,0.273551,0.000000,0.259383,0.109385,0.318173,0.340153,0.166124,0.323133,0.293259,0.317805,0.234242,0.243938,0.278768,0.332667,0.113757,0.309914,0.237329,0.294382,0.465396,0.283659,0.323708,0.339457,0.510379,0.207772,0.235830,0.158059,0.187493,0.229720,0.194787,0.094324,0.295478,0.218371,0.288396,0.263695,0.132387,0.139615,0.091098,0.266522,0.246953,0.146992,0.196655,0.120862,0.101728,0.183640,0.233086,0.170944,0.177857,0.192985,0.022555,0.175634,0.123566,0.099161,0.094196,0.259421,0.260845,0.539877,0.278196,0.243695,0.142450,0.061196,0.158703,0.143763,
0.182361,0.199417,0.187343,0.180451,0.168459,0.174755,0.164140,0.161625,0.199072,0.275946,0.173419,0.157780,0.198657,0.180108,0.180065,0.217260,0.259383,0.000000,0.182218,0.183464,0.176533,0.106793,0.144798,0.138959,0.142792,0.195600,0.155422,0.152093,0.189686,0.183139,0.212806,0.164699,0.177048,0.204814,0.166363,0.164785,0.165061,0.181935,0.148544,0.183386,0.133489,0.151620,0.184124,0.174398,0.114306,0.138581,0.150519,0.157703,0.141351,0.122821,0.119420,0.104905,0.214702,0.174549,0.146287,0.151345,0.075819,0.121448,0.212126,0.118715,0.137968,0.188819,0.164734,0.075599,0.155665,0.126298,0.095144,0.114077,0.139382,0.165636,0.204462,0.129840,0.144805,0.134218,0.092051,0.146474,0.172936,
0.266693,0.248420,0.393282,0.184202,0.201124,0.355574,0.338295,0.300121,0.095768,0.185543,0.308547,0.265600,0.342157,0.329031,0.289573,0.347451,0.109385,0.182218,0.000000,0.275070,0.330423,0.292441,0.426094,0.345718,0.293611,0.379929,0.266726,0.346499,0.369178,1.000000,0.322365,0.483586,0.374121,0.166749,0.335083,0.258324,0.211722,0.265936,0.270185,0.321429,0.373962,0.384244,0.492311,0.361086,0.339596,0.281719,0.280677,0.370238,0.294801,0.264045,0.236079,0.230258,0.348440,0.308453,0.348234,0.297067,0.219818,0.199780,0.285460,0.274667,0.246770,0.287548,0.380823,0.220638,0.270931,0.233874,0.213041,0.257340,0.281147,0.235302,0.186679,0.276424,0.240437,0.260118,0.261336,0.275373,0.306775,
0.333219,0.235406,0.318707,0.262982,0.254606,0.331160,0.323645,0.294458,0.181400,0.382073,0.382001,0.291625,0.359587,0.346730,0.295304,0.303839,0.318173,0.183464,0.275070,0.000000,0.362890,0.273320,0.351884,0.321872,0.342265,0.320846,0.509947,0.385652,0.384035,0.278307,0.370158,0.305457,0.319780,0.275427,0.318877,0.304113,0.254275,0.351272,0.269318,0.279652,0.296520,0.298047,0.296685,0.299020,0.269814,0.315589,0.256873,0.359946,0.286671,0.273458,0.278986,0.213541,0.328581,0.322589,0.325094,0.314955,0.202953,0.238477,0.287752,0.305924,0.294805,0.292464,0.328454,0.132068,0.294460,0.228346,0.230969,0.249843,0.281326,0.263764,0.328961,0.301069,0.301958,0.265678,0.221401,0.235457,0.216445,
0.341741,0.227843,0.339946,0.256015,0.220972,0.313308,0.367407,0.317318,0.160350,0.372329,0.434172,0.292821,0.420861,0.366953,0.345958,0.319710,0.340153,0.176533,0.330423,0.362890,0.000000,0.257210,0.387233,0.374173,0.424161,0.346408,0.357032,0.398931,0.456349,0.334311,0.402794,0.357560,0.349632,0.323610,0.375570,0.321974,0.289134,0.385413,0.294460,0.293664,0.415410,0.325027,0.353953,0.275616,0.293171,0.385810,0.289333,0.382248,0.309314,0.290327,0.314549,0.191384,0.316498,0.383473,0.354594,0.320095,0.245943,0.244636,0.266802,0.318222,0.307959,0.285676,0.357522,0.148210,0.348397,0.263516,0.258480,0.241942,0.285233,0.252005,0.342432,0.286175,0.285020,0.292299,0.217315,0.227248,0.248595,
0.237173,0.198154,0.310416,0.172249,0.198290,0.264321,0.276555,0.227960,0.104297,0.190827,0.259556,0.224391,0.239260,0.265365,0.225604,0.265760,0.166124,0.106793,0.292441,0.273320,0.257210,0.000000,0.285343,0.268845,0.250406,0.304099,0.265657,0.284385,0.293043,0.295791,0.246778,0.242387,0.283106,0.163040,0.252347,0.222639,0.170002,0.238691,0.219439,0.232112,0.263191,0.247188,0.252825,0.277604,0.262805,0.246114,0.218350,0.303701,0.274181,0.259995,0.241582,0.215422,0.272005,0.273965,0.271075,0.244402,0.187634,0.205839,0.264291,0.223152,0.217010,0.255916,0.286111,0.125424,0.227229,0.175711,0.273302,0.291755,0.285375,0.216413,0.201886,0.253070,0.214830,0.216776,0.184717,0.190582,0.211340,
0.331796,0.238208,0.371941,0.260228,0.212491,0.314560,0.377075,0.297872,0.169636,0.351111,0.382888,0.299549,0.394610,0.386625,0.280388,0.354635,0.323133,0.144798,0.426094,0.351884,0.387233,0.285343,0.000000,0.344335,0.360903,0.364630,0.335391,0.396004,0.405304,0.430882,0.357881,0.376890,0.357615,0.257047,0.370416,0.293142,0.256630,0.374812,0.283479,0.316629,0.352449,0.319469,0.330240,0.310728,0.288850,0.324041,0.244959,0.393736,0.346658,0.306217,0.287997,0.200177,0.305228,0.345470,0.357231,0.294468,0.222413,0.211559,0.282341,0.331322,0.267197,0.299068,0.336788,0.152499,0.287232,0.220351,0.241268,0.247738,0.334545,0.253895,0.330779,0.286783,0.298566,0.245980,0.222426,0.214274,0.242126,
0.302931,0.240729,0.288417,0.244189,0.233780,0.268606,0.313395,0.253428,0.134029,0.322909,0.327538,0.263165,0.375253,0.337338,0.296579,0.284915,0.293259,0.138959,0.345718,0.321872,0.374173,0.268845,0.344335,0.000000,0.356566,0.290443,0.282171,0.347177,0.423276,0.349030,0.344873,0.343342,0.315907,0.235047,0.324319,0.306196,0.235484,0.317333,0.231030,0.240321,0.351039,0.281083,0.370359,0.260791,0.254049,0.320791,0.274738,0.329635,0.295752,0.245700,0.270547,0.184553,0.289630,0.299318,0.298272,0.302354,0.230100,0.168227,0.220274,0.272568,0.307847,0.253324,0.304388,0.154793,0.259955,0.248660,0.229139,0.239438,0.264710,0.241934,0.293449,0.261914,0.246040,0.265664,0.219049,0.187284,0.232414,
0.309612,0.240142,0.346592,0.242568,0.188143,0.310405,0.372176,0.291671,0.142005,0.385674,0.378618,0.287361,0.392642,0.351869,0.326234,0.309685,0.317805,0.142792,0.293611,0.342265,0.424161,0.250406,0.360903,0.356566,0.000000,0.347050,0.323804,0.401820,0.408870,0.297122,0.387169,0.310834,0.323258,0.319621,0.341286,0.310592,0.312979,0.384350,0.287314,0.292326,0.381509,0.318657,0.327707,0.270882,0.298403,0.422981,0.276480,0.350121,0.302420,0.298971,0.293373,0.218600,0.321284,0.381551,0.347311,0.295356,0.242408,0.212215,0.281007,0.334674,0.295196,0.311589,0.346448,0.142784,0.358797,0.264200,0.240215,0.253210,0.281424,0.290943,0.289870,0.278744,0.275754,0.295556,0.224565,0.203060,0.233184,
0.385468,0.320328,0.796045,0.277779,0.237909,0.344760,0.437592,0.283440,0.148936,0.346600,0.353833,0.342145,0.335844,0.382610,0.291667,0.397809,0.234242,0.195600,0.379929,0.320846,0.346408,0.304099,0.364630,0.290443,0.347050,0.000000,0.333104,0.392330,0.402805,0.384804,0.392080,0.309330,0.357529,0.258060,0.330328,0.274320,0.278870,0.342664,0.298072,0.340320,0.405663,0.322554,0.332409,0.324362,0.318794,0.326204,0.257411,0.392402,0.364315,0.297306,0.325960,0.240567,0.324467,0.349516,0.390531,0.309738,0.248641,0.187155,0.289610,0.285866,0.268160,0.309523,0.345899,0.153778,0.301968,0.241413,0.260935,0.279177,0.331880,0.263887,0.250012,0.328198,0.248553,0.291987,0.262603,0.235880,0.292960,
0.319996,0.215136,0.346215,0.226251,0.242359,0.314085,0.312806,0.294711,0.164918,0.286699,0.385614,0.244349,0.321773,0.330578,0.272933,0.265261,0.243938,0.155422,0.266726,0.509947,0.357032,0.265657,0.335391,0.282171,0.323804,0.333104,0.000000,0.429751,0.382956,0.269773,0.339237,0.293698,0.317436,0.232320,0.320909,0.270547,0.250141,0.295095,0.296785,0.249410,0.317224,0.293879,0.287012,0.300089,0.305744,0.303590,0.228868,0.333658,0.269986,0.279340,0.293089,0.212050,0.319248,0.320159,0.331626,0.301408,0.213591,0.227179,0.284757,0.312294,0.287948,0.290539,0.331520,0.138074,0.314976,0.224955,0.237475,0.248150,0.286612,0.242988,0.288917,0.274974,0.286368,0.256234,0.243927,0.273596,0.217190,
0.361700,0.260608,0.399637,0.234568,0.232294,0.381485,0.372504,0.288752,0.163480,0.330842,0.456949,0.288782,0.399980,0.370881,0.328946,0.336163,0.278768,0.152093,0.346499,0.385652,0.398931,0.284385,0.396004,0.347177,0.401820,0.392330,0.429751,0.000000,0.460481,0.350547,0.430051,0.335310,0.341078,0.248437,0.343885,0.312452,0.286875,0.358169,0.305446,0.375113,0.451814,0.360025,0.352328,0.358497,0.334102,0.362808,0.270117,0.413679,0.359380,0.336374,0.334168,0.242486,0.363047,0.356231,0.404915,0.322746,0.263643,0.225694,0.301433,0.335255,0.299835,0.336076,0.370379,0.162678,0.344205,0.257975,0.260618,0.283520,0.324979,0.283720,0.298574,0.311493,0.307606,0.305128,0.252962,0.219600,0.259423,
0.385635,0.262204,0.399518,0.285366,0.249066,0.349905,0.380319,0.317991,0.166878,0.372848,0.425708,0.294526,0.423453,0.390414,0.345901,0.349869,0.332667,0.189686,0.369178,0.384035,0.456349,0.293043,0.405304,0.423276,0.408870,0.402805,0.382956,0.460481,0.000000,0.373479,0.401509,0.360832,0.389428,0.284335,0.388528,0.329492,0.321001,0.393616,0.293813,0.348740,0.459741,0.356432,0.369529,0.317659,0.333803,0.376139,0.304796,0.412176,0.362714,0.328986,0.332083,0.222118,0.360537,0.370474,0.395627,0.326892,0.268347,0.217245,0.285529,0.337084,0.322782,0.316180,0.390918,0.164060,0.347337,0.255292,0.268735,0.268343,0.323939,0.264395,0.326645,0.329030,0.296921,0.302225,0.235831,0.254217,0.274726,
0.269705,0.250033,0.398376,0.186962,0.202790,0.359237,0.341414,0.302696,0.097771,0.190170,0.312080,0.268841,0.345272,0.333137,0.292878,0.350767,0.113757,0.183139,1.000000,0.278307,0.334311,0.295791,0.430882,0.349030,0.297122,0.384804,0.269773,0.350547,0.373479,0.000000,0.325958,0.482860,0.377825,0.168778,0.338512,0.261693,0.213621,0.269550,0.273289,0.324152,0.373623,0.381327,0.491335,0.365384,0.341768,0.285025,0.283327,0.374212,0.297607,0.266422,0.238449,0.231194,0.352688,0.311777,0.345093,0.299984,0.221461,0.201915,0.285569,0.277572,0.246250,0.290342,0.384900,0.222498,0.273370,0.236278,0.214473,0.256039,0.284448,0.237681,0.190407,0.279680,0.243588,0.258714,0.262636,0.273555,0.304931,
0.360849,0.289022,0.375232,0.256337,0.245697,0.326372,0.373541,0.296227,0.154992,0.411883,0.415744,0.368132,0.380865,0.427484,0.318752,0.374245,0.309914,0.212806,0.322365,0.370158,0.402794,0.246778,0.357881,0.344873,0.387169,0.392080,0.339237,0.430051,0.401509,0.325958,0.000000,0.334593,0.334078,0.286974,0.328277,0.326969,0.277179,0.397722,0.271519,0.310264,0.392518,0.320297,0.345561,0.308861,0.278486,0.337824,0.277877,0.354864,0.320334,0.258783,0.297566,0.199825,0.332639,0.339897,0.346631,0.326887,0.232570,0.225414,0.271759,0.293251,0.310538,0.281988,0.312292,0.152462,0.306154,0.255711,0.236252,0.249951,0.282058,0.258404,0.318920,0.315221,0.290701,0.292788,0.223413,0.216200,0.249841,
0.290885,0.213714,0.313368,0.203753,0.185606,0.290561,0.306031,0.283959,0.129832,0.299836,0.322817,0.240109,0.342515,0.313207,0.303284,0.285618,0.237329,0.164699,0.483586,0.305457,0.357560,0.242387,0.376890,0.343342,0.310834,0.309330,0.293698,0.335310,0.360832,0.482860,0.334593,0.000000,0.329280,0.245437,0.311717,0.266436,0.244432,0.318711,0.241210,0.242832,0.325187,0.301479,0.344296,0.282133,0.277722,0.290176,0.262553,0.353675,0.303010,0.227792,0.246600,0.180849,0.312568,0.299700,0.306272,0.303794,0.236362,0.180837,0.250844,0.268234,0.250699,0.268027,0.327286,0.156760,0.277557,0.223491,0.217609,0.237500,0.274986,0.223899,0.289148,0.265803,0.230021,0.237330,0.197157,0.205251,0.242982,
0.312462,0.249696,0.360645,0.234159,0.196831,0.272064,0.329903,0.277274,0.155397,0.315786,0.337960,0.282751,0.339120,0.343999,0.301764,0.319154,0.294382,0.177048,0.374121,0.319780,0.349632,0.283106,0.357615,0.315907,0.323258,0.357529,0.317436,0.341078,0.389428,0.377825,0.334078,0.329280,0.000000,0.269581,0.319127,0.276520,0.230480,0.338854,0.272715,0.286746,0.362719,0.333844,0.340693,0.295059,0.297903,0.309144,0.289091,0.363594,0.312295,0.268974,0.273792,0.215743,0.301854,0.318299,0.328264,0.276672,0.232497,0.188458,0.276176,0.284862,0.240965,0.283587,0.339016,0.139570,0.276466,0.223448,0.217069,0.223407,0.312283,0.234416,0.312619,0.318278,0.250590,0.254210,0.210868,0.227978,0.272804,
0.236390,0.222726,0.247962,0.252782,0.181272,0.220623,0.240177,0.223769,0.233392,0.568773,0.306404,0.294570,0.396151,0.279069,0.308198,0.237393,0.465396,0.204814,0.166749,0.275427,0.323610,0.163040,0.257047,0.235047,0.319621,0.258060,0.232320,0.248437,0.284335,0.168778,0.286974,0.245437,0.269581,0.000000,0.256246,0.272370,0.358471,0.475623,0.176166,0.212364,0.222644,0.216241,0.249038,0.195769,0.144682,0.262573,0.257238,0.293129,0.230840,0.163121,0.169362,0.131310,0.239598,0.329205,0.235218,0.231816,0.130051,0.138294,0.203821,0.191368,0.193775,0.173475,0.231006,0.082996,0.207192,0.172029,0.139998,0.142263,0.207204,0.226161,0.358919,0.198291,0.205015,0.198021,0.109890,0.129794,0.184459,
0.303564,0.198250,0.325772,0.252795,0.214418,0.298531,0.321690,0.281581,0.148640,0.359566,0.363414,0.267262,0.360616,0.349069,0.271144,0.296581,0.283659,0.166363,0.335083,0.318877,0.375570,0.252347,0.370416,0.324319,0.341286,0.330328,0.320909,0.343885,0.388528,0.338512,0.328277,0.311717,0.319127,0.256246,0.000000,0.294620,0.248394,0.345081,0.255812,0.262715,0.322846,0.300469,0.321072,0.270109,0.267516,0.299544,0.239968,0.344417,0.279000,0.266778,0.256946,0.213430,0.315458,0.322403,0.344804,0.294411,0.216336,0.184132,0.252688,0.287809,0.262447,0.275346,0.313298,0.138075,0.279567,0.224552,0.239348,0.237286,0.289491,0.232436,0.293293,0.256209,0.268513,0.243088,0.217368,0.240535,0.261781,
0.259877,0.205937,0.275657,0.232493,0.182938,0.243949,0.278255,0.232626,0.125086,0.392332,0.310675,0.279340,0.338099,0.289591,0.271353,0.270328,0.323708,0.164785,0.258324,0.304113,0.321974,0.222639,0.293142,0.306196,0.310592,0.274320,0.270547,0.312452,0.329492,0.261693,0.326969,0.266436,0.276520,0.272370,0.294620,0.000000,0.232164,0.356546,0.239612,0.189755,0.249704,0.241439,0.292026,0.258498,0.209832,0.281690,0.257358,0.283826,0.263375,0.197796,0.232496,0.167837,0.293450,0.263730,0.243037,0.263115,0.195031,0.180303,0.219097,0.246227,0.246725,0.232566,0.262743,0.122146,0.249718,0.212466,0.209361,0.194532,0.276342,0.262716,0.302396,0.256489,0.247519,0.221480,0.171469,0.189680,0.208627,
0.236874,0.196081,0.280158,0.219222,0.174647,0.231359,0.280718,0.209392,0.182974,0.412885,0.316750,0.234369,0.365427,0.229042,0.274895,0.221117,0.339457,0.165061,0.211722,0.254275,0.289134,0.170002,0.256630,0.235484,0.312979,0.278870,0.250141,0.286875,0.321001,0.213621,0.277179,0.244432,0.230480,0.358471,0.248394,0.232164,0.000000,0.404334,0.196914,0.261025,0.316295,0.263231,0.230076,0.232712,0.211177,0.274571,0.203039,0.261576,0.259045,0.229696,0.217454,0.168461,0.282483,0.268989,0.275331,0.212184,0.174690,0.149280,0.224148,0.216793,0.222826,0.213879,0.254033,0.126916,0.249074,0.189071,0.158672,0.168423,0.220555,0.212080,0.269169,0.203401,0.191779,0.211093,0.154156,0.169362,0.198765,
0.324078,0.232078,0.337076,0.305898,0.223141,0.271546,0.355040,0.259751,0.202828,0.635759,0.381267,0.333851,0.452860,0.349927,0.318261,0.364250,0.510379,0.181935,0.265936,0.351272,0.385413,0.238691,0.374812,0.317333,0.384350,0.342664,0.295095,0.358169,0.393616,0.269550,0.397722,0.318711,0.338854,0.475623,0.345081,0.356546,0.404334,0.000000,0.225622,0.273344,0.338900,0.297046,0.319854,0.323891,0.203310,0.320352,0.265379,0.359053,0.325923,0.226454,0.249310,0.190986,0.309451,0.316120,0.312341,0.277662,0.181359,0.161194,0.240706,0.258155,0.234225,0.229822,0.290133,0.086822,0.258311,0.204659,0.179037,0.186541,0.297457,0.276410,0.403702,0.320922,0.289775,0.211568,0.166249,0.184338,0.268210,
0.247134,0.194005,0.301756,0.203093,0.147129,0.263770,0.263126,0.220485,0.096052,0.194746,0.287198,0.229312,0.210856,0.276032,0.227948,0.242979,0.207772,0.148544,0.270185,0.269318,0.294460,0.219439,0.283479,0.231030,0.287314,0.298072,0.296785,0.305446,0.293813,0.273289,0.271519,0.241210,0.272715,0.176166,0.255812,0.239612,0.196914,0.225622,0.000000,0.228013,0.272223,0.272523,0.260181,0.263333,0.286934,0.289256,0.242689,0.301056,0.215646,0.247704,0.262305,0.238527,0.282791,0.300589,0.288177,0.240788,0.198098,0.188096,0.283536,0.284900,0.218140,0.264603,0.301286,0.134608,0.260586,0.215809,0.199611,0.218778,0.241032,0.251797,0.206757,0.214111,0.222106,0.216660,0.212828,0.220779,0.207872,
0.330174,0.267293,0.331516,0.221710,0.200088,0.300910,0.309696,0.239459,0.194667,0.278764,0.363679,0.257432,0.334986,0.293858,0.243753,0.313426,0.235830,0.183386,0.321429,0.279652,0.293664,0.232112,0.316629,0.240321,0.292326,0.340320,0.249410,0.375113,0.348740,0.324152,0.310264,0.242832,0.286746,0.212364,0.262715,0.189755,0.261025,0.273344,0.228013,0.000000,0.422107,0.318104,0.291942,0.279671,0.281386,0.258874,0.211389,0.341606,0.293885,0.277368,0.246583,0.226035,0.303642,0.258747,0.366495,0.212944,0.209408,0.150177,0.276448,0.222407,0.214711,0.288499,0.329604,0.116628,0.240530,0.165609,0.200694,0.243719,0.242450,0.210358,0.246515,0.238305,0.206667,0.239722,0.197687,0.173208,0.253072,
0.348672,0.276638,0.407678,0.243400,0.202150,0.359218,0.420269,0.285710,0.113481,0.225636,0.418496,0.282672,0.394143,0.365780,0.316079,0.340506,0.158059,0.133489,0.373962,0.296520,0.415410,0.263191,0.352449,0.351039,0.381509,0.405663,0.317224,0.451814,0.459741,0.373623,0.392518,0.325187,0.362719,0.222644,0.322846,0.249704,0.316295,0.338900,0.272223,0.422107,0.000000,0.545697,0.390067,0.346576,0.437193,0.356454,0.284767,0.418572,0.352888,0.323369,0.395896,0.277907,0.415963,0.439419,0.548941,0.318580,0.278870,0.173194,0.261267,0.305080,0.282930,0.342573,0.408345,0.134586,0.368670,0.219943,0.242627,0.294014,0.300384,0.251784,0.256161,0.278451,0.242278,0.275499,0.264308,0.263288,0.375909,
0.303758,0.263210,0.325903,0.238111,0.213481,0.312235,0.346324,0.248076,0.143835,0.264012,0.339417,0.283448,0.325978,0.304135,0.257768,0.327601,0.187493,0.151620,0.384244,0.298047,0.325027,0.247188,0.319469,0.281083,0.318657,0.322554,0.293879,0.360025,0.356432,0.381327,0.320297,0.301479,0.333844,0.216241,0.300469,0.241439,0.263231,0.297046,0.272523,0.318104,0.545697,0.000000,0.347781,0.298211,0.419026,0.294913,0.251085,0.347683,0.279459,0.279869,0.273776,0.245728,0.326511,0.322997,0.377139,0.274448,0.215635,0.170391,0.271132,0.271062,0.242102,0.300546,0.316529,0.141531,0.271912,0.200065,0.208433,0.238582,0.267679,0.223667,0.249540,0.257340,0.234439,0.232479,0.271610,0.249049,0.299666,
0.293860,0.257541,0.327285,0.224942,0.236884,0.290320,0.329005,0.265951,0.127455,0.290980,0.333979,0.272792,0.342936,0.313031,0.281114,0.325179,0.229720,0.184124,0.492311,0.296685,0.353953,0.252825,0.330240,0.370359,0.327707,0.332409,0.287012,0.352328,0.369529,0.491335,0.345561,0.344296,0.340693,0.249038,0.321072,0.292026,0.230076,0.319854,0.260181,0.291942,0.390067,0.347781,0.000000,0.309897,0.281538,0.304350,0.306401,0.331636,0.293234,0.263049,0.285931,0.268155,0.310254,0.315828,0.366890,0.313048,0.242696,0.179827,0.266727,0.290173,0.256762,0.282042,0.347402,0.148403,0.287958,0.243197,0.233264,0.242969,0.275572,0.282133,0.246103,0.269389,0.257128,0.295995,0.269834,0.245991,0.309392,
0.265345,0.247731,0.329457,0.204902,0.257327,0.310492,0.319396,0.277236,0.163199,0.249882,0.288496,0.268567,0.269930,0.295678,0.243222,0.326561,0.194787,0.174398,0.361086,0.299020,0.275616,0.277604,0.310728,0.260791,0.270882,0.324362,0.300089,0.358497,0.317659,0.365384,0.308861,0.282133,0.295059,0.195769,0.270109,0.258498,0.232712,0.323891,0.263333,0.279671,0.346576,0.298211,0.309897,0.000000,0.289362,0.283516,0.258542,0.343023,0.315382,0.258650,0.282389,0.258472,0.422927,0.284082,0.322257,0.266306,0.229638,0.171766,0.307236,0.239113,0.233542,0.306335,0.328839,0.158501,0.253412,0.234736,0.215753,0.260139,0.298048,0.241012,0.212434,0.278560,0.245247,0.240258,0.258743,0.255784,0.282599,
0.273758,0.209041,0.326586,0.167358,0.194861,0.298309,0.319278,0.225067,0.082737,0.131230,0.315313,0.196738,0.272171,0.268859,0.241448,0.273257,0.094324,0.114306,0.339596,0.269814,0.293171,0.262805,0.288850,0.254049,0.298403,0.318794,0.305744,0.334102,0.333803,0.341768,0.278486,0.277722,0.297903,0.144682,0.267516,0.209832,0.211177,0.203310,0.286934,0.281386,0.437193,0.419026,0.281538,0.289362,0.000000,0.293874,0.250684,0.326745,0.254268,0.302911,0.276709,0.239451,0.312664,0.311649,0.335673,0.268841,0.221611,0.183658,0.302728,0.283626,0.234983,0.324108,0.327303,0.170741,0.288842,0.216943,0.222525,0.257632,0.254778,0.241471,0.177737,0.241269,0.217413,0.249650,0.261642,0.228759,0.268111,
0.294292,0.229873,0.326740,0.239360,0.175904,0.273741,0.344917,0.272848,0.140979,0.302493,0.321861,0.241162,0.338744,0.291568,0.307517,0.295094,0.295478,0.138581,0.281719,0.315589,0.385810,0.246114,0.324041,0.320791,0.422981,0.326204,0.303590,0.362808,0.376139,0.285025,0.337824,0.290176,0.309144,0.262573,0.299544,0.281690,0.274571,0.320352,0.289256,0.258874,0.356454,0.294913,0.304350,0.283516,0.293874,0.000000,0.285292,0.340831,0.262538,0.293159,0.300235,0.224530,0.315005,0.375296,0.326151,0.271633,0.239863,0.191276,0.260210,0.300159,0.297317,0.295416,0.341032,0.140731,0.324875,0.270897,0.233206,0.242754,0.272350,0.280735,0.266991,0.255348,0.258222,0.314856,0.227836,0.228531,0.228458,
0.227082,0.177132,0.255620,0.183557,0.164141,0.205699,0.257346,0.215065,0.098195,0.246949,0.272072,0.239565,0.264440,0.249727,0.264242,0.247571,0.218371,0.150519,0.280677,0.256873,0.289333,0.218350,0.244959,0.274738,0.276480,0.257411,0.228868,0.270117,0.304796,0.283327,0.277877,0.262553,0.289091,0.257238,0.239968,0.257358,0.203039,0.265379,0.242689,0.211389,0.284767,0.251085,0.306401,0.258542,0.250684,0.285292,0.000000,0.291041,0.224788,0.215827,0.226114,0.194627,0.270672,0.267408,0.242393,0.218865,0.181992,0.171686,0.211152,0.237126,0.207405,0.242612,0.279012,0.117854,0.236407,0.194654,0.175770,0.199741,0.224529,0.251005,0.220086,0.250649,0.223474,0.223901,0.204612,0.162985,0.233865,
0.347276,0.246913,0.390630,0.252730,0.205010,0.336448,0.415972,0.282069,0.181272,0.351419,0.378936,0.296508,0.372096,0.354897,0.304358,0.352817,0.288396,0.157703,0.370238,0.359946,0.382248,0.303701,0.393736,0.329635,0.350121,0.392402,0.333658,0.413679,0.412176,0.374212,0.354864,0.353675,0.363594,0.293129,0.344417,0.283826,0.261576,0.359053,0.301056,0.341606,0.418572,0.347683,0.331636,0.343023,0.326745,0.340831,0.291041,0.000000,0.345115,0.281014,0.274446,0.227122,0.349178,0.352309,0.414715,0.299608,0.238092,0.206996,0.283782,0.300915,0.276415,0.309858,0.350144,0.153675,0.319301,0.241580,0.250307,0.279771,0.316625,0.262615,0.325569,0.311931,0.263096,0.297104,0.228477,0.206930,0.284840,
0.309879,0.238250,0.368453,0.228932,0.169445,0.254615,0.323360,0.241810,0.113790,0.303580,0.316761,0.261531,0.313084,0.308581,0.260452,0.317355,0.263695,0.141351,0.294801,0.286671,0.309314,0.274181,0.346658,0.295752,0.302420,0.364315,0.269986,0.359380,0.362714,0.297607,0.320334,0.303010,0.312295,0.230840,0.279000,0.263375,0.259045,0.325923,0.215646,0.293885,0.352888,0.279459,0.293234,0.315382,0.254268,0.262538,0.224788,0.345115,0.000000,0.276408,0.265941,0.196983,0.299534,0.284133,0.330407,0.262069,0.217100,0.154465,0.237493,0.242905,0.245987,0.275642,0.307437,0.099877,0.255867,0.187860,0.239859,0.240931,0.328514,0.212413,0.305028,0.310724,0.236945,0.247307,0.180771,0.191783,0.258720,
0.236542,0.211394,0.299098,0.166379,0.145694,0.245423,0.289386,0.236457,0.083386,0.148932,0.299577,0.197338,0.240439,0.251408,0.223709,0.229382,0.132387,0.122821,0.264045,0.273458,0.290327,0.259995,0.306217,0.245700,0.298971,0.297306,0.279340,0.336374,0.328986,0.266422,0.258783,0.227792,0.268974,0.163121,0.266778,0.197796,0.229696,0.226454,0.247704,0.277368,0.323369,0.279869,0.263049,0.258650,0.302911,0.293159,0.215827,0.281014,0.276408,0.000000,0.336236,0.227206,0.289411,0.299288,0.327225,0.239351,0.222385,0.198126,0.293248,0.263732,0.248638,0.335521,0.324230,0.129582,0.272073,0.203851,0.229418,0.271602,0.276163,0.220930,0.198637,0.257722,0.248005,0.238180,0.225087,0.220079,0.201230,
0.261680,0.206632,0.327816,0.201231,0.166480,0.243438,0.306770,0.240809,0.083938,0.174962,0.300403,0.206934,0.239280,0.276132,0.244724,0.269791,0.139615,0.119420,0.236079,0.278986,0.314549,0.241582,0.287997,0.270547,0.293373,0.325960,0.293089,0.334168,0.332083,0.238449,0.297566,0.246600,0.273792,0.169362,0.256946,0.232496,0.217454,0.249310,0.262305,0.246583,0.395896,0.273776,0.285931,0.282389,0.276709,0.300235,0.226114,0.274446,0.265941,0.336236,0.000000,0.234825,0.311554,0.308335,0.339298,0.246093,0.215689,0.192632,0.271485,0.264099,0.229267,0.329920,0.326834,0.120560,0.293328,0.203384,0.233617,0.259075,0.273904,0.263748,0.205553,0.242312,0.260296,0.241110,0.233678,0.226677,0.228752,
0.179288,0.175388,0.238443,0.134696,0.132248,0.205844,0.234477,0.176573,0.066576,0.135923,0.216894,0.178847,0.166874,0.198901,0.190615,0.213405,0.091098,0.104905,0.230258,0.213541,0.191384,0.215422,0.200177,0.184553,0.218600,0.240567,0.212050,0.242486,0.222118,0.231194,0.199825,0.180849,0.215743,0.131310,0.213430,0.167837,0.168461,0.190986,0.238527,0.226035,0.277907,0.245728,0.268155,0.258472,0.239451,0.224530,0.194627,0.227122,0.196983,0.227206,0.234825,0.000000,0.281818,0.223826,0.296489,0.199317,0.182574,0.147165,0.246167,0.213685,0.175171,0.248950,0.258901,0.104838,0.219595,0.180137,0.184578,0.211695,0.207598,0.205693,0.133359,0.199474,0.182687,0.208032,0.189449,0.206265,0.229347,
0.273480,0.246775,0.317667,0.233902,0.254976,0.318649,0.323145,0.260502,0.163293,0.302967,0.336871,0.265481,0.321406,0.307769,0.289378,0.290985,0.266522,0.214702,0.348440,0.328581,0.316498,0.272005,0.305228,0.289630,0.321284,0.324467,0.319248,0.363047,0.360537,0.352688,0.332639,0.312568,0.301854,0.239598,0.315458,0.293450,0.282483,0.309451,0.282791,0.303642,0.415963,0.326511,0.310254,0.422927,0.312664,0.315005,0.270672,0.349178,0.299534,0.289411,0.311554,0.281818,0.000000,0.326770,0.334851,0.295455,0.235133,0.217677,0.281851,0.269969,0.284262,0.316507,0.358353,0.158788,0.281931,0.238759,0.228767,0.254163,0.291439,0.278500,0.266175,0.273388,0.268006,0.264514,0.254069,0.294636,0.282701,
0.298496,0.239789,0.351862,0.221814,0.180965,0.305814,0.349464,0.263729,0.119633,0.253371,0.362407,0.263590,0.328320,0.322476,0.290947,0.311275,0.246953,0.174549,0.308453,0.322589,0.383473,0.273965,0.345470,0.299318,0.381551,0.349516,0.320159,0.356231,0.370474,0.311777,0.339897,0.299700,0.318299,0.329205,0.322403,0.263730,0.268989,0.316120,0.300589,0.258747,0.439419,0.322997,0.315828,0.284082,0.311649,0.375296,0.267408,0.352309,0.284133,0.299288,0.308335,0.223826,0.326770,0.000000,0.369293,0.288057,0.257452,0.231941,0.285768,0.299093,0.282944,0.311137,0.358928,0.138801,0.336707,0.282517,0.245806,0.275280,0.279653,0.262757,0.280997,0.254613,0.289395,0.298049,0.238810,0.230233,0.269724,
0.340774,0.290505,0.397507,0.239263,0.227758,0.354029,0.392564,0.283559,0.119365,0.233813,0.377089,0.294477,0.344054,0.333617,0.264796,0.351305,0.146992,0.146287,0.348234,0.325094,0.354594,0.271075,0.357231,0.298272,0.347311,0.390531,0.331626,0.404915,0.395627,0.345093,0.346631,0.306272,0.328264,0.235218,0.344804,0.243037,0.275331,0.312341,0.288177,0.366495,0.548941,0.377139,0.366890,0.322257,0.335673,0.326151,0.242393,0.414715,0.330407,0.327225,0.339298,0.296489,0.334851,0.369293,0.000000,0.313866,0.254569,0.204329,0.304780,0.298038,0.278421,0.316685,0.354033,0.165816,0.352814,0.245555,0.261893,0.307042,0.310751,0.263229,0.216889,0.271751,0.242726,0.310658,0.259130,0.256656,0.353996,
0.271605,0.231898,0.319329,0.246060,0.184876,0.273697,0.309303,0.243181,0.117761,0.240210,0.296724,0.261053,0.275731,0.293916,0.284175,0.258001,0.196655,0.151345,0.297067,0.314955,0.320095,0.244402,0.294468,0.302354,0.295356,0.309738,0.301408,0.322746,0.326892,0.299984,0.326887,0.303794,0.276672,0.231816,0.294411,0.263115,0.212184,0.277662,0.240788,0.212944,0.318580,0.274448,0.313048,0.266306,0.268841,0.271633,0.218865,0.299608,0.262069,0.239351,0.246093,0.199317,0.295455,0.288057,0.313866,0.000000,0.221106,0.226262,0.261246,0.257277,0.278670,0.258697,0.304685,0.150737,0.274331,0.258957,0.239816,0.240564,0.248468,0.226640,0.230654,0.246894,0.246633,0.247223,0.208024,0.187317,0.235030,
0.228708,0.186819,0.243248,0.154789,0.137872,0.201988,0.228552,0.182579,0.043684,0.137604,0.224792,0.177783,0.220720,0.216541,0.201931,0.213475,0.120862,0.075819,0.219818,0.202953,0.245943,0.187634,0.222413,0.230100,0.242408,0.248641,0.213591,0.263643,0.268347,0.221461,0.232570,0.236362,0.232497,0.130051,0.216336,0.195031,0.174690,0.181359,0.198098,0.209408,0.278870,0.215635,0.242696,0.229638,0.221611,0.239863,0.181992,0.238092,0.217100,0.222385,0.215689,0.182574,0.235133,0.257452,0.254569,0.221106,0.000000,0.150039,0.210560,0.216068,0.176519,0.212010,0.219670,0.140404,0.220815,0.205390,0.212412,0.211295,0.198122,0.200539,0.147135,0.194541,0.205572,0.215715,0.174645,0.165063,0.190599,
